100
64 66
3284
90 1993 44 9460
91 7392 37 9257
92 7224 35 8186
72 5812 29 9658
74 143 33 7426
14 947 90 6539
75 4620 23 5367
38 4251 39 5288
98 4688 40 6914
61 993 20 8233
17 687 31 923
81 5519 80 5975
40 9196 10 9272
92 5844 95 7853
61 7100 71 7389
47 8306 47 9129
24 7025 78 8461
23 3781 20 5973
12 8887 2 9500
61 6409 95 7453
71 519 16 954
14 163 27 2719
16 1738 2 2277
53 9360 89 9821
8 4021 51 9486
8 7688 8 7897
60 9951 81 9993
65 6149 52 6372
83 282 91 4856
24 2068 84 3141
3 3064 91 9078
71 1462 87 9853
26 5986 79 7922
64 4337 36 6718
59 5440 49 7869
14 2250 21 6142
72 3196 15 8062
55 5730 49 6235
46 3008 81 5609
22 5775 49 7134
99 6111 96 6335
53 3212 13 4385
26 8907 65 9574
69 2376 62 2600
41 7996 90 8780
43 8522 31 9977
93 1418 8 8663
44 5030 91 9617
89 7624 34 8474
44 3607 36 9534
65 9238 85 9947
75 7379 62 9449
65 2656 37 9218
84 8002 23 9701
48 3893 2 9625
33 2711 64 9501
22 5737 86 7274
2 6994 65 8919
29 7486 27 8543
92 8371 80 9384
83 6145 96 8654
31 3411 81 7195
24 7070 17 8431
82 6098 72 6333
54 1336 49 4807
61 1457 40 7139
76 8337 35 9825
29 9782 99 9904
20 4452 85 9016
71 6805 30 7500
62 1800 7 5341
80 8143 49 9066
53 1125 54 1748
5 696 16 6430
30 1465 8 9388
41 6386 71 7945
12 3746 96 8963
76 9582 87 9700
76 9772 97 9797
46 2070 45 3225
35 1244 17 8024
29 6632 9 6637
88 6442 2 9067
76 7518 85 9575
67 447 29 4437
54 8697 91 9725
15 1319 98 6527
21 2727 49 5077
73 1546 31 6611
62 5308 72 8461
3 6176 86 7301
67 2259 3 3200
37 6053 21 6818
60 6910 84 7788
81 7121 11 7238
58 3064 32 7943
70 6677 82 7442
39 5729 15 7925
9 4288 67 5528
59 8656 2 8763
73 2279 67 7589
31 5463 37 9811
5 8763 50 9454
52 8663 44 9067
32 3115 23 5827
48 8175 28 8355
41 3774 35 4207
66 1519 43 5264
6 6077 87 6323
21 6001 15 6707
93 4244 55 9368
79 8568 46 9342
94 5470 78 5971
14 7660 96 8065
87 6616 95 9267
48 9389 99 9815
55 8769 62 9092
27 4179 35 6256
67 6582 38 7970
78 643 67 4367
33 223 83 3527
5 5079 37 8578
28 9854 44 9965
8 9523 65 9825
30 7668 52 9156
66 2496 8 6147
78 2521 74 7293
77 1825 89 9981
91 1545 83 5721
61 2741 55 5423
2 8391 67 9526
7 6045 97 8277
83 7378 51 9819
52 9292 39 9297
4 93 12 2111
36 2576 67 4400
32 3514 6 9847
83 9572 27 9678
97 3572 65 4805
89 4640 44 5459
6 4469 35 5632
81 1090 11 8132
48 1123 100 7750
21 6961 77 9044
67 3081 10 8414
22 6683 93 8524
93 2122 99 7938
42 8853 92 9273
1 9664 64 9881
6 9694 11 9700
96 4761 79 7067
18 538 33 8015
65 3235 20 6352
66 4353 48 4525
29 5736 58 8953
31 5266 70 7898
1 3640 84 6250
31 6759 80 6899
16 5585 36 8447
37 5090 7 9487
86 3769 42 5205
86 3958 5 9144
13 6056 58 6060
89 9994 43 9998
24 5369 46 9208
68 6117 51 8224
2 2379 66 6627
47 9813 96 9914
76 295 78 6470
17 8512 87 9364
52 2230 14 4112
32 3167 20 5243
43 4957 10 8867
44 6234 64 9575
14 4739 95 7866
20 5366 99 9490
75 1033 83 4200
52 509 43 8286
23 5185 47 5633
71 41 44 1833
50 6934 33 8805
5 1824 94 8680
48 8843 97 9847
33 8120 39 9445
32 4653 13 6271
71 6063 100 8720
4 3923 40 8621
80 4409 5 8245
100 5850 22 7583
1 1769 44 9759
74 2402 88 9459
21 3814 65 6516
76 4187 85 4837
10 3684 68 9953
24 4264 28 9463
92 4140 29 5291
80 3259 82 7070
54 7359 56 8990
38 4841 87 4948
65 1435 3 9829
7 6408 68 8933
46 4211 88 6507
12 1116 50 9549
81 3409 56 5588
73 963 75 9791
58 6052 86 9837
19 9193 86 9685
84 3984 9 9762
43 2924 75 8835
58 5926 18 5947
6 8390 93 9402
96 311 47 3217
10 5232 36 8060
65 1617 88 9545
64 6825 11 7425
12 2107 39 9513
7 9256 5 9857
76 3627 27 6497
19 3727 13 7526
94 603 44 7360
66 3843 14 8673
100 1754 89 3335
54 4270 43 8315
82 6720 66 8259
84 3010 56 8021
28 47 63 7967
77 2965 73 6198
24 6019 35 6825
83 9769 17 9926
83 4981 100 7614
41 5809 51 9842
73 9938 50 9999
21 3837 86 3933
28 5589 40 9134
4 4366 39 5283
8 1424 36 7689
45 7043 9 8266
65 7842 3 8644
79 9769 16 9836
88 6257 60 9223
88 7811 95 8178
49 601 43 8335
71 9937 13 9951
22 9698 62 9942
21 6196 80 8621
16 2070 45 2320
14 7933 23 9630
42 1951 77 6266
98 4543 40 9665
43 8899 52 9155
3 3348 27 5870
61 4920 66 7900
4 9547 7 9653
18 47 38 815
7 6574 100 8474
85 2974 25 8306
41 2989 9 3541
67 5101 22 5117
98 9848 86 9985
45 8191 1 9003
10 4175 13 7364
100 7327 25 8777
7 9152 35 9382
56 9539 55 9658
26 6865 39 7902
32 7241 17 8081
86 2551 27 3475
12 3684 11 9082
75 3068 32 3656
45 6703 69 6950
69 6712 18 7431
2 2113 26 3741
28 7073 57 7986
78 8727 69 8911
22 3988 33 7556
76 9826 90 9857
83 7521 50 9365
69 4381 61 5043
22 6660 72 7015
33 2301 28 4510
71 135 19 1975
40 3384 31 8722
98 7815 44 8421
72 6055 66 7159
82 5443 89 6252
50 9129 27 9400
63 4432 8 8667
67 2666 83 4546
82 3618 40 9418
29 44 67 6089
36 4804 23 9950
14 3193 44 8454
6 4619 61 4638
5 1234 94 4808
35 8072 91 9726
94 5028 51 9708
62 1323 50 8686
95 5376 95 8021
67 4053 57 7927
53 3223 72 7208
61 1497 31 1671
24 8276 6 9732
25 3744 92 8316
13 362 32 3857
97 1335 87 3608
79 1541 86 5876
20 7555 36 7998
99 9085 52 9834
76 1543 11 3213
46 3127 82 6190
29 8691 27 9910
33 1544 61 2893
34 1082 25 3248
23 3322 15 6577
72 8485 73 8875
43 6904 71 9285
48 1464 22 8608
12 2631 73 3978
23 3654 80 7649
43 8256 54 9913
73 8309 4 9870
22 3584 31 6709
26 4983 73 5598
28 1426 60 4438
10 806 14 4538
25 7491 7 8244
10 4725 36 6036
17 6915 22 7519
5 2804 18 5651
24 3715 63 4961
89 7778 46 8247
63 5943 15 7754
74 5473 14 6293
94 6681 4 6833
51 947 28 9532
91 1685 45 8360
61 499 79 6462
49 6534 52 6986
27 9359 58 9893
46 1241 64 2451
24 8179 47 8524
18 8589 55 8968
2 5213 41 6702
24 267 89 5246
26 8153 40 8599
12 6883 6 7476
97 1942 13 4822
91 6830 78 9960
92 4116 64 7022
36 3324 1 7360
19 1705 74 2333
35 827 33 1823
89 7267 61 7742
6 9044 28 9106
36 9013 91 9411
56 8090 97 9613
74 2055 51 3458
58 1783 33 7766
34 3685 31 5610
37 4082 97 7977
50 9763 94 9844
77 5061 95 5823
97 8083 32 9264
28 5649 18 6244
55 3853 97 6946
90 9084 20 9457
66 3987 47 8232
47 5750 29 7418
34 8521 41 8869
42 1206 96 6027
24 1678 22 9772
57 5837 78 7718
47 9531 50 9644
23 479 52 4537
27 3977 99 6019
48 1164 24 8603
56 7743 71 9723
95 9222 61 9781
76 5716 55 7631
38 8449 48 8723
45 7347 51 7812
7 8554 24 9278
33 8494 16 9010
32 5669 69 6116
20 7409 60 9327
78 9031 63 9194
30 4846 2 8823
92 9444 39 9821
33 1876 77 7230
36 2248 21 5086
46 8213 78 8813
64 6684 71 7322
1 7878 58 9603
73 3668 36 8722
89 9402 33 9625
17 2198 81 5592
57 7836 24 9538
6 4402 2 5481
3 8893 42 10000
84 4381 78 9206
34 1993 87 3836
64 564 58 8413
65 194 99 583
47 8512 76 8819
57 780 89 9189
31 7293 7 9428
37 3588 51 5858
77 4848 74 7636
3 8183 1 8376
79 375 82 6039
83 7231 11 7983
72 619 32 5067
43 2982 33 6303
16 1519 69 7034
27 4095 29 7716
43 749 60 5230
93 8099 21 8261
83 2621 85 4971
64 6141 45 7251
25 6229 9 7638
36 6445 34 7850
52 9560 35 9751
36 7675 97 8250
42 9102 19 9465
29 7517 29 8747
76 4073 24 6396
11 9729 75 9990
76 4402 23 7530
97 7367 80 8190
63 4739 33 8414
34 9749 42 9833
8 492 14 9653
75 5884 74 6136
7 6001 35 9078
83 7072 61 8500
38 435 52 1828
43 5061 44 5866
67 2238 73 3108
66 737 41 5601
100 8473 3 8968
37 5325 17 8692
73 8555 18 9348
30 4667 73 7166
35 5998 85 9490
86 2497 37 6983
25 3358 55 9564
23 8724 44 9275
32 962 77 5629
32 8281 13 8564
1 9185 16 9620
85 6851 83 7719
94 9577 33 9645
32 1433 41 9213
47 5331 61 7587
7 5782 53 7757
23 2917 65 3981
87 9928 55 9989
48 1373 19 9214
2 2419 90 5587
89 3384 60 3526
70 4748 83 4823
98 2689 65 5642
94 7040 30 9546
41 5615 32 9138
83 4147 15 4412
38 2661 26 7235
95 1493 73 4742
71 164 52 9381
100 8717 43 9731
74 4403 38 4601
91 4380 92 9697
7 4565 46 9759
93 3997 99 4384
14 2748 95 5078
29 441 72 1448
77 2160 36 3552
16 5846 93 7929
50 1030 45 8817
26 4479 53 6403
14 9413 56 9743
57 1816 4 8927
24 9830 100 9920
83 3210 98 9325
11 2177 26 6978
48 7492 40 9666
46 5303 50 6932
77 2445 14 8066
86 5195 48 5932
96 9781 18 9882
65 3653 67 7128
9 7122 1 9307
62 6163 79 8707
65 9546 64 9615
16 4871 48 9564
9 4666 93 9521
78 1117 26 2502
48 1222 24 5823
88 550 95 9811
86 6492 83 9475
39 469 3 6491
40 6762 38 9884
33 7530 14 9714
96 9914 25 9934
92 154 74 282
67 3861 46 8462
13 6241 34 8342
72 7037 89 7498
20 4890 64 7916
68 7109 66 8176
29 847 38 4729
66 4673 2 9722
4 5156 63 8924
50 2798 22 7180
48 5727 76 7700
8 6871 71 9967
9 9446 20 9521
9 3651 35 9863
43 6958 75 7338
82 5680 44 7077
58 3011 87 9516
38 5457 24 6138
50 6664 65 8560
10 5557 60 8417
49 1786 81 7321
39 232 81 6637
67 6343 6 7204
13 98 62 7883
42 6478 81 9357
82 5705 41 6819
87 191 89 2454
47 7327 98 7738
51 6855 48 7162
96 2674 79 3178
6 7909 74 9491
32 9671 64 9839
50 3466 13 8832
75 749 75 1887
68 2702 72 8479
95 9914 41 9957
13 8750 27 9309
87 8666 92 9864
83 8193 85 8678
22 5677 52 7481
44 9159 32 9578
74 7276 23 8315
48 4397 64 9368
39 8234 25 9089
14 8482 13 8547
80 3355 14 7836
10 7717 25 8595
6 8716 43 9599
77 4338 48 6860
12 7111 80 7860
97 3768 47 6091
7 7235 5 8788
70 9599 18 9739
43 1804 28 8299
77 5205 52 9193
52 9896 79 9967
67 7017 29 8923
74 875 62 1901
38 3747 46 7078
69 2808 11 3698
8 2636 53 4880
12 4952 31 8962
30 9923 99 9940
95 6917 15 8848
54 7329 82 9648
21 7011 68 8664
91 5925 93 7616
58 459 55 4945
92 2868 44 9030
68 2271 26 3943
73 4979 6 6087
49 4996 13 6011
94 5381 96 6212
83 8863 60 9733
83 8391 53 9272
100 7448 98 9919
20 2932 35 6316
9 6555 77 7564
68 3477 81 7311
84 4031 94 7637
1 8986 66 9835
23 5183 81 6689
63 8567 17 8751
24 8754 12 9493
71 7925 92 8581
80 794 10 4095
85 8468 58 9604
54 4574 54 7266
55 1931 21 3637
77 4052 85 6087
21 7600 60 7622
31 2433 12 7296
73 252 65 1079
89 9045 80 9564
24 2277 47 2770
64 5009 66 6927
22 299 43 1848
22 3220 100 6859
62 253 52 8720
45 3857 13 5606
18 6691 95 9894
68 6030 95 7614
40 2179 30 8063
66 7730 48 8550
36 8375 71 8947
97 6729 8 8634
16 617 99 9175
8 8030 84 8582
45 6235 62 6998
82 8868 75 9095
94 7030 32 9414
75 1770 22 9432
5 1719 8 9052
77 4147 90 9024
42 1632 18 3702
14 8452 80 8956
5 8687 66 9758
49 7942 87 9085
40 1825 2 5307
50 1901 82 3795
56 613 28 1392
5 389 48 1713
94 3365 22 5537
34 4824 28 6792
35 7091 46 8233
5 5639 43 7163
100 4328 29 5228
57 8611 79 9958
73 3529 56 3948
16 1035 66 8576
52 1625 12 7710
55 4783 70 7983
2 2766 35 3306
68 1654 44 5648
42 1732 2 7286
16 4308 16 6195
63 774 9 9028
61 1735 94 5749
54 520 40 6089
59 8240 31 9864
36 1657 26 3501
72 54 33 1097
88 504 65 5002
62 5795 11 9599
19 6860 13 7334
55 3494 16 6571
53 8028 76 9746
31 6551 64 9023
21 9394 76 9701
95 8772 35 9278
4 7068 62 7208
27 4015 14 8983
29 2490 34 7734
56 5221 30 9442
96 8191 88 8760
46 3501 81 3962
70 7735 51 9906
37 7698 93 9107
94 7051 8 9987
21 5146 67 6479
99 9135 25 9792
58 3278 29 6284
88 3006 89 9871
68 141 90 1688
84 4241 69 8805
56 4103 79 9530
26 6077 75 9685
10 9136 25 9357
18 1522 31 4175
27 8721 41 9050
19 762 18 6621
36 7488 63 8549
64 9818 53 9882
3 2212 42 4356
12 167 34 5449
82 6519 60 6754
34 8522 99 8605
33 6999 28 7849
77 5897 4 9005
32 7781 12 9105
1 4354 31 4874
81 9064 96 9127
18 3295 39 5444
98 415 57 5553
63 2601 84 3681
39 3695 82 7072
48 1292 29 4558
21 4874 33 9620
23 9555 92 9632
64 558 66 4760
60 2033 69 4676
62 3459 19 9397
39 9825 5 9966
39 985 96 1540
94 1011 11 4946
56 8050 98 9693
89 2124 40 4691
73 9365 57 9451
77 997 77 9274
82 8143 21 8878
23 6927 77 8957
59 301 81 3727
24 4270 75 5662
33 7928 23 8880
79 6031 42 9219
22 378 48 7341
36 9136 51 9272
63 4241 36 5849
7 7215 51 8694
56 2185 4 6064
69 2071 35 7160
16 3006 27 5434
29 8726 9 9849
8 9439 31 9985
45 2508 24 5948
8 8556 22 9789
2 1729 47 6055
17 819 70 1553
40 7867 92 9576
98 2079 88 2355
2 6367 43 8623
65 6163 3 7557
63 9539 39 9824
77 467 19 4750
21 920 81 8210
76 3466 34 5519
21 6635 74 9273
96 5694 15 6464
13 6166 99 7856
81 6497 8 9905
37 8065 24 8155
84 1707 89 7575
44 9218 56 9967
52 5112 29 7028
9 6390 45 7960
22 9075 2 9516
8 8327 98 9043
30 5386 86 9358
3 4483 88 7202
35 5823 16 8586
45 3835 65 5280
62 9566 73 9647
21 7822 43 9876
88 2963 90 6919
51 3983 5 8930
82 9760 63 9845
26 7183 96 9038
59 116 28 2595
91 3510 29 9092
43 6325 39 7256
72 7686 100 7829
26 8210 62 8704
39 4552 71 7466
61 3886 56 6156
64 6132 72 7762
45 2615 3 7258
13 6336 40 7676
42 5421 24 7119
74 4640 24 6014
31 7056 78 9846
91 5406 78 5484
22 5420 100 9148
9 8917 80 9668
34 5376 72 6147
58 756 83 2606
99 9663 41 9887
92 3573 28 6428
54 5290 81 7408
92 8289 71 8861
65 7210 99 9446
83 707 12 8484
18 9937 5 9972
39 5283 80 6027
43 6466 57 8287
9 760 67 2991
64 1117 9 1285
4 5031 71 8047
79 1608 7 5442
28 2468 20 9151
9 9679 88 9772
5 2012 78 7909
3 3792 17 8772
14 7182 93 9532
89 6806 90 8498
87 244 56 4646
18 9382 70 9474
11 117 57 3765
22 9184 62 9889
93 188 6 6227
69 3418 67 8660
8 9626 38 9719
78 7054 67 8759
36 1780 79 4790
44 2140 16 7795
1 5015 64 7611
8 2247 87 8501
21 1309 35 8560
62 1978 45 6587
67 7559 93 7735
4 5248 29 5688
92 4293 74 9346
44 5087 77 9313
63 9313 47 9737
65 6927 83 7797
33 2172 56 2851
94 1655 65 2040
92 8059 78 9071
30 1532 90 2245
2 9076 19 9741
97 4839 76 5658
20 5018 42 8059
53 496 22 2658
3 1782 56 3803
86 4079 66 8882
34 9889 51 9978
31 597 37 1468
88 6396 100 7268
98 2098 71 8467
69 8532 19 8625
42 4264 84 5845
17 2974 60 5194
57 4382 41 8674
62 5949 91 8702
61 1572 25 7509
37 6740 89 7514
26 4842 55 7040
2 3310 57 6136
32 8102 99 9689
24 3747 8 5026
4 5785 64 7231
97 326 74 7866
65 1859 88 7818
45 1729 82 8265
6 2351 51 6601
12 2021 9 6172
53 763 35 5521
51 3284 60 3883
79 2693 60 6883
100 3236 68 3706
10 462 53 9085
86 243 31 4856
50 9309 83 9685
46 5236 75 5306
27 8063 84 8779
56 5112 23 5390
48 7855 49 8237
63 2382 99 5534
42 4760 61 7403
82 3373 35 5330
23 9765 48 9782
96 7722 75 7848
66 2136 51 7429
93 9642 43 9682
41 7167 47 7335
57 90 41 7310
25 7444 95 8220
4 6260 50 8001
35 5672 93 9679
56 7673 4 9379
77 7495 46 8705
83 9476 38 9657
29 9314 51 9795
73 5744 78 5841
87 3972 69 4543
40 1457 87 1678
45 2263 53 8662
78 6448 69 7393
48 7268 93 8408
85 7224 17 7363
17 2497 55 3398
82 2023 44 7586
44 5404 86 7980
76 7756 34 7959
64 6803 37 8780
65 4152 6 7299
82 8810 82 9523
63 7604 44 9154
15 3745 69 9625
86 422 92 4120
83 6474 32 9349
6 6770 6 9117
12 5576 78 6814
32 6630 11 9728
80 8134 88 9814
4 5172 1 5259
62 5561 46 6480
60 7637 68 9311
30 1859 27 3212
99 829 15 1393
31 8846 92 9179
23 6156 97 8663
60 5320 47 6011
59 2355 95 6702
78 8227 21 9691
97 1991 99 5804
98 4838 66 4852
100 1004 10 5511
54 5850 43 8138
27 2894 97 3428
76 3834 58 6512
63 6450 68 7367
1 1120 21 7758
76 6990 57 7003
62 6730 86 9282
5 5719 17 8388
40 675 37 4244
46 717 20 6642
32 8228 8 9195
19 7054 61 7515
15 7377 9 8933
16 7634 33 7753
87 9087 27 9942
29 3265 57 3392
44 7828 99 8244
59 8873 4 9011
55 6884 66 7306
65 7409 91 9726
84 8648 52 9944
38 7836 39 9038
62 4583 38 9128
70 2765 3 8727
92 3309 55 8602
60 4535 13 5127
53 3008 54 9581
23 4642 46 9421
69 2855 18 8554
37 643 40 7250
29 8985 74 9056
74 735 73 7237
20 6800 53 9293
36 6924 88 8858
75 2977 71 7178
50 2869 49 4253
80 7966 12 9591
10 9880 52 9933
98 4686 49 5678
24 8813 11 9116
62 7565 78 8963
82 9625 70 9806
44 1476 9 6012
41 3292 79 4555
99 4222 59 7947
78 4905 13 8598
81 9608 59 9679
77 3136 88 5638
81 9410 28 9433
84 2585 81 7189
61 7861 19 8694
90 9111 4 9248
91 2505 82 7853
68 5319 81 6180
96 2502 18 8349
82 7506 21 8533
60 2376 8 6568
23 2381 94 9987
11 9580 77 9927
78 5851 47 7716
35 759 96 5377
27 8215 19 9458
40 4857 3 6905
12 1970 41 9535
20 3433 39 4669
77 5635 71 5915
65 113 13 5131
34 2496 20 9413
80 3615 60 6412
23 6910 58 7668
22 8360 38 9253
6 5131 91 6024
22 1899 45 5952
14 1116 8 7637
31 9250 39 9919
2 9226 15 9919
45 6215 61 6600
23 6355 34 6800
32 4181 87 9466
9 6840 78 7382
61 4553 67 5250
85 1102 34 3633
26 1767 23 7962
59 5472 30 8229
68 1699 7 5629
58 6348 29 9744
58 8603 60 9862
39 7426 30 9462
24 6051 38 6143
44 4695 45 9355
25 7339 55 7662
26 2772 12 7800
33 6682 70 9654
36 4114 90 8922
42 2819 98 3249
49 879 1 8767
53 786 23 7053
97 5756 54 6951
64 5922 20 9841
91 4828 25 5448
75 5996 74 9855
64 4041 28 5695
23 7426 46 8986
10 7692 82 8453
20 4007 75 4565
92 5215 96 7543
37 7200 98 8827
73 2004 3 9888
3 7894 26 9668
38 8963 76 9812
57 9749 80 9923
58 8845 99 9602
10 6186 94 7193
31 3904 63 9010
27 4379 68 9848
74 4069 45 6888
58 6299 91 9083
47 6165 48 8957
60 2862 26 8378
57 2963 25 3833
8 7698 49 9435
100 4890 11 6482
42 5174 18 5867
13 3253 23 5769
56 6574 5 6976
16 7480 40 8904
96 1677 25 2015
8 6126 14 9172
88 6835 3 7949
42 9317 71 9574
26 4903 64 8373
70 1532 68 4511
90 8087 93 9257
90 3244 72 8707
92 6025 49 7087
16 12 29 4226
97 9083 12 9184
41 4790 20 7132
74 3572 11 9560
1 1407 63 7560
94 4188 63 7996
26 9378 14 9945
37 8888 74 9916
50 244 18 4798
9 9226 89 9639
7 3081 99 4279
55 5770 46 9738
12 798 41 5308
84 1778 52 5529
36 1148 45 3810
56 8911 56 9702
87 6028 66 8092
80 8050 24 9079
21 2351 97 3807
90 4984 55 9888
36 8180 99 9731
83 2021 95 7167
81 5012 23 5294
75 6876 77 7756
88 8276 18 9620
48 5012 19 9036
87 598 86 3769
51 1034 41 5778
26 672 72 4190
14 3475 8 8635
8 921 25 8289
24 4108 85 8400
93 2599 38 9800
39 1036 25 7788
59 9299 3 9482
58 2907 78 4782
35 5160 53 6995
65 309 47 4131
43 182 7 1516
8 2571 5 3590
74 3492 24 8350
42 4324 93 9470
26 7497 35 9559
67 1386 74 2737
78 4906 29 6135
85 6868 57 7866
87 244 27 1056
90 3880 55 8133
81 7715 32 8471
54 7241 12 9273
28 7763 69 8492
12 3401 39 9483
75 3003 40 8807
2 9959 63 9973
98 1239 65 7672
49 4992 63 6110
24 8017 71 8744
15 1322 40 4399
87 3818 10 8910
89 8512 10 9851
70 8051 57 8763
58 9164 50 9608
39 3441 88 6361
53 8742 47 9818
60 6098 82 8077
49 4429 39 8007
15 3739 71 7304
12 6801 96 9375
56 9898 16 9984
32 2071 4 4935
67 7075 6 7129
36 9818 86 9819
52 800 33 2838
76 4440 57 7615
11 3783 73 6097
71 2600 33 7915
59 641 12 2022
35 2509 29 5853
17 9562 9 9973
70 9089 79 9947
65 3315 10 6929
75 5501 88 7352
5 5911 27 8178
4 6527 25 7598
78 5690 37 9634
75 9974 37 9985
23 3263 31 3342
42 2335 68 3814
30 5073 18 6668
22 8924 96 9409
49 1017 49 3959
28 2738 88 8980
24 6181 4 6997
4 482 2 2894
27 7899 51 9954
37 5570 66 6702
25 8775 57 9757
97 1193 26 4736
48 735 37 7675
12 6099 25 9219
48 2849 82 3705
51 8907 63 9859
77 838 19 7888
79 8889 97 9895
71 8636 31 9960
84 1341 72 9340
76 9558 27 9853
19 6578 90 6698
81 1833 17 5674
57 8404 28 8810
48 3399 66 3849
58 215 79 8709
90 1110 37 3039
14 9703 47 9971
34 2204 56 8258
36 5217 66 9878
37 6845 67 6874
32 5322 55 7867
13 4117 86 4891
73 8994 76 9201
90 8532 61 9022
11 5429 98 9361
33 7656 73 9862
86 8939 63 9934
30 331 67 8585
71 8649 32 8785
22 5676 78 7103
48 1745 98 5379
52 4964 62 9698
96 7113 33 9028
36 8010 6 9318
30 748 2 1143
31 9274 35 9544
83 7308 3 7845
33 5231 100 9982
37 5895 40 5926
2 2582 50 8454
29 9360 53 9399
12 4789 97 5582
28 4781 65 7031
73 8979 39 9916
30 4366 55 4462
31 4540 57 9975
70 9890 59 9987
2 8622 79 8874
9 4453 8 8886
100 9666 53 9927
58 4854 95 6305
75 4733 2 7417
45 2962 47 6655
5 522 36 6510
31 7249 40 7420
60 2390 11 9992
63 3520 43 8341
92 7427 80 9159
15 3582 96 5270
97 9260 17 9660
86 3754 71 9573
85 5444 34 8627
40 7707 36 8638
90 3495 92 6345
95 4675 100 7976
69 6238 67 7895
13 2403 70 3300
18 4481 40 5002
5 7725 94 9360
68 3403 19 8145
46 4945 16 8018
20 283 86 3944
1 9919 16 9923
67 130 93 1168
67 9450 38 9918
33 987 2 8523
4 4369 94 6971
27 601 5 8124
87 4950 8 8094
53 1028 93 3504
79 9633 3 9865
21 9926 24 9978
37 6011 54 7984
49 6066 35 6469
2 1931 54 5004
89 1825 64 4317
21 9601 47 9893
67 4336 4 8911
12 8434 98 8575
97 8259 72 9518
35 9088 11 9890
34 5486 79 5938
29 6371 93 9794
79 544 89 6806
83 3256 69 7349
27 3954 1 4546
90 8489 47 9161
16 3287 44 6273
96 7221 3 7933
94 1066 52 5026
75 4255 10 7431
37 5842 96 8008
25 7202 74 8966
8 4998 9 6364
30 5557 1 6289
14 5445 74 5581
60 8632 50 9907
92 1646 39 3764
61 5887 94 8169
31 2469 94 4624
17 4536 10 9953
64 4671 35 6121
35 2223 63 9115
6 6853 44 8945
39 3836 72 5532
55 6217 82 6351
1 6725 21 9446
12 9879 68 9891
1 7624 10 9029
17 550 38 3634
20 9003 60 9965
94 2344 84 4860
77 4935 52 7607
93 6122 75 8191
23 5071 89 9738
39 824 30 8499
28 2696 34 9309
81 3653 81 7621
44 9550 64 9615
61 260 67 2457
12 177 32 9922
66 6013 68 8453
68 4341 25 8504
83 9756 74 9924
18 4206 58 8071
16 2920 81 8645
84 4093 24 5420
87 9172 3 9976
17 4064 41 6251
58 6605 73 6615
15 2832 57 8086
22 1676 67 2432
68 3842 55 8917
50 7027 86 9344
36 4561 41 6593
49 7674 27 8632
6 7322 4 9283
2 1433 25 9542
62 7191 26 9706
54 2864 36 8593
85 6852 24 9422
61 4719 66 8094
53 267 9 6680
20 2097 75 5653
100 1026 12 8600
48 7647 82 9840
37 4326 71 6998
12 8324 84 9904
30 477 44 5444
65 1426 23 3731
84 5091 65 5658
9 7878 17 8801
94 8840 43 8966
5 6844 94 8133
62 3064 31 3119
79 1273 13 7595
28 4216 13 4618
97 5045 29 7924
16 375 26 2472
82 107 28 9250
46 6387 69 7263
2 5822 13 8065
66 6162 46 9609
25 698 54 1061
21 7473 63 7561
52 1667 98 6897
5 1361 30 8922
87 2109 70 7908
48 1272 53 3655
2 5620 38 8181
26 7328 20 7485
62 3448 88 4495
16 6345 77 9778
67 8955 15 9620
8 4519 49 6491
26 6526 47 7895
67 9490 10 9941
30 2807 7 6796
9 5233 92 7703
77 4332 23 6660
17 1640 97 4051
95 4661 90 8044
88 3950 8 4175
77 5862 98 6430
72 402 69 2535
94 9933 83 9943
50 9917 55 9986
74 6353 33 7993
40 8140 13 9328
80 3592 16 5394
1 2815 84 5080
57 100 69 7167
65 5534 18 8248
73 6838 4 7677
4 3985 85 6646
18 5451 76 6033
61 2970 39 8033
58 2609 78 9649
20 6881 23 9124
42 3519 30 5930
78 5803 76 7186
3 1186 7 5771
36 8041 97 9142
39 1606 50 7687
99 714 92 9898
61 2622 44 5262
40 2880 30 6028
51 4111 47 4896
71 628 100 7944
31 3519 94 4094
3 3300 83 8906
64 7075 92 7657
89 1705 97 8167
6 446 23 1936
73 2842 15 7426
6 6895 15 7517
58 2231 70 6786
36 7105 24 9622
2 7667 75 8393
78 2325 24 6897
12 2585 41 5575
74 2575 4 8716
2 2865 33 9887
95 3433 37 8956
97 3370 43 5859
99 5297 87 5668
96 7089 92 9344
86 7437 91 9029
12 1580 74 9150
66 7680 64 8181
10 9848 3 9983
8 1927 90 2307
1 388 99 7915
40 1601 17 8658
51 721 39 3782
66 9947 1 9955
28 5701 4 8777
57 4346 5 7483
55 3229 21 8032
8 6232 13 9398
74 7596 34 9280
45 8477 35 9995
19 7884 38 8369
51 1347 34 1443
87 521 63 1175
30 6292 27 9705
60 7564 24 8184
80 2875 13 6349
23 3750 30 5035
30 2571 99 3439
69 4200 41 4878
38 3806 74 8840
1 7479 11 8304
33 6059 17 6913
22 5970 14 6535
79 7430 28 7773
26 2357 99 3279
16 396 57 7141
91 8548 26 8893
62 3996 79 9346
33 8193 78 8440
11 9638 34 9839
2 5000 68 6833
61 1675 24 3120
31 351 34 4311
25 3977 78 7266
20 9535 4 9862
44 9217 84 9482
25 8234 88 8489
85 5593 62 8115
12 1998 61 2957
13 6737 3 8002
81 9671 96 9908
69 2924 34 8634
46 1901 66 5238
9 3145 28 9651
30 6293 59 6592
84 4369 49 5882
27 5719 80 8550
14 5897 41 9692
86 9260 23 9583
14 3203 9 8354
39 6278 54 9724
90 3840 24 6076
51 3853 33 6060
76 2488 19 8520
47 801 66 4625
85 8323 82 9056
44 7396 86 9901
63 2491 69 5258
67 6885 49 8431
4 2553 34 7710
24 8698 1 9839
61 7427 20 8184
4 631 40 8796
87 2173 16 2963
49 7905 83 8648
57 9111 74 9752
10 196 41 9466
97 8793 84 9169
27 4566 19 7488
37 6944 10 7108
81 1622 95 5199
52 3924 1 6481
98 660 78 5658
2 7378 40 8256
2 787 24 4270
7 9421 46 9936
84 6505 59 6859
68 2684 64 9949
26 4800 82 9956
11 4541 48 9312
83 1218 54 5390
96 1226 64 3401
95 1753 99 4713
1 2099 41 6975
7 5023 25 9556
63 3243 89 7688
28 541 46 2154
1 8717 94 8755
47 1576 72 7718
44 1388 44 6831
8 4025 10 9425
10 3365 81 5713
27 799 31 7439
44 8011 40 9224
1 1991 39 5707
53 5791 96 7856
81 6133 76 8270
35 3867 29 3902
85 4743 87 9753
59 2599 39 5355
83 3135 61 4234
8 7236 24 7717
15 4462 40 9589
40 3462 97 4512
29 4808 75 6250
61 9846 11 9975
1 6945 69 7835
6 2056 20 5166
51 3472 8 7771
15 8058 9 8722
31 3491 44 4112
40 8778 82 9900
55 7283 78 8191
82 4034 61 6014
49 1146 21 7876
2 7936 36 8538
68 4397 50 7192
85 7535 33 7981
77 4441 97 9835
83 9996 97 9997
99 1097 93 5987
99 5557 22 8991
8 3152 38 7733
89 8851 25 8943
96 9668 9 9830
94 3960 29 5758
15 6195 24 6749
59 7569 36 8046
14 9099 16 9416
29 9062 78 9111
71 3522 55 8422
67 8502 37 9180
51 2927 56 3380
33 2981 1 7698
87 7892 97 9985
84 6597 18 9847
100 5042 73 7153
12 1601 42 2253
6 1804 23 3324
59 3597 14 9252
87 4217 27 8932
20 8863 63 9965
67 583 39 1338
50 9604 87 9672
84 3986 50 8003
63 8793 78 9620
56 3059 82 9761
14 2752 95 9251
35 8886 6 9630
77 3069 76 4070
35 2657 61 9852
81 9132 24 9626
43 5696 12 6634
73 2016 3 8482
54 372 17 9738
93 3967 12 8926
85 9784 90 9838
82 6087 23 6717
51 7825 50 8293
79 1017 5 3872
68 1337 4 3962
37 9354 41 9733
20 5139 39 6600
81 2552 76 7826
35 6020 83 8199
93 1157 12 1239
62 2651 39 7445
1 922 45 8801
29 4504 88 4833
12 5488 69 8675
67 6571 77 9257
40 5422 84 7339
64 5593 15 6105
44 9729 23 9766
64 1341 78 9135
3 4063 21 6704
56 2308 43 7568
23 4179 27 8979
74 8704 29 9940
51 4958 98 7592
96 3021 25 5309
97 4292 92 8894
61 9763 93 9830
32 6115 24 8177
72 2384 40 7959
11 4351 38 8299
3 9505 98 9640
58 5851 76 8891
43 8735 57 9424
18 9313 75 9650
9 7915 12 8380
45 7262 64 8477
19 2096 44 7283
29 131 99 7279
89 2444 100 9271
33 1461 56 1482
12 2211 19 2262
84 733 55 6597
40 8912 72 8978
82 7323 22 9344
60 2287 59 7457
87 7673 32 8137
16 1401 43 4241
83 7743 3 7993
4 8473 32 9828
3 5276 3 8177
53 6900 60 6932
20 2902 46 8134
82 1060 3 5486
68 6107 6 6900
90 8498 48 9654
80 9433 96 9791
24 5044 72 5769
29 6253 67 6776
68 6837 70 7030
43 3495 7 8288
30 4407 98 9256
66 4711 44 8350
15 44 61 7452
8 9351 9 9684
2 1364 91 2640
44 6355 12 8222
49 2982 68 9856
28 6840 3 8317
73 7874 58 8235
74 5237 55 5533
72 2329 71 5618
38 7827 19 9164
15 88 52 9531
93 9534 54 9562
68 2219 46 8588
26 3569 14 6090
26 1112 41 2227
23 2399 49 4584
40 3881 91 6981
16 9060 65 9911
7 6490 96 7621
76 5903 18 8390
18 9132 90 9326
5 1281 35 3292
67 2970 38 7558
34 6309 88 6862
87 2468 37 6624
51 5284 77 7830
75 3391 54 4725
72 1882 85 6326
98 6713 97 7583
71 8811 49 9322
80 8413 80 8726
3 9206 37 9208
49 4069 45 5558
84 6180 50 8496
36 9908 38 9986
59 6982 75 9537
67 661 52 9907
54 4044 18 6012
38 4343 4 5943
1 6667 65 9545
33 5389 73 7602
1 6676 44 9060
97 9931 20 9987
23 8803 23 9743
71 5897 30 9020
42 9883 60 9995
52 2959 19 3642
81 1707 53 4925
54 7996 64 9047
4 2976 69 6234
44 800 32 1241
43 9335 20 9706
14 4008 52 4484
55 3426 83 4829
94 6988 87 7850
28 3812 63 6975
41 7174 77 8882
83 2906 96 7333
87 4016 5 7222
38 8788 93 9829
72 1928 28 9025
27 8499 59 8535
5 8163 34 8910
23 3638 28 4553
98 7641 62 8445
76 7920 14 8703
2 9217 89 9276
82 5811 63 9233
100 2491 65 9549
69 2713 96 8007
28 7164 96 7728
2 6938 53 8494
23 9500 24 9544
84 9878 8 9910
68 7183 3 8392
79 771 69 2637
49 5180 17 5296
44 962 3 1347
53 7990 24 8903
67 6541 46 9824
64 9742 65 9859
88 8961 51 9112
40 1274 20 7635
45 6826 98 7717
52 7305 49 7948
63 4129 36 7341
61 9136 26 9187
99 1550 66 8158
21 1467 24 5936
51 1409 67 7492
27 7554 79 9983
27 3608 35 6076
6 6807 40 9573
63 61 46 8379
96 4623 21 5133
69 6163 90 8094
77 3818 27 6841
42 4726 24 6818
69 6876 63 8395
88 6844 78 8630
92 6233 24 8239
29 5543 29 5826
97 4933 27 5622
64 7118 44 7194
74 5412 57 7177
34 3149 31 7985
76 2521 88 8697
33 1503 63 7225
17 4962 59 6750
41 2787 64 5617
34 4531 100 7825
87 6142 67 9484
93 1938 53 3830
21 2909 25 4729
80 9441 14 9645
63 4530 78 6217
19 7687 92 9206
21 5639 25 8617
74 7227 73 7950
57 7007 96 7644
58 891 58 4881
43 366 5 7409
78 8589 97 9825
23 746 21 3146
94 6872 3 7994
22 944 30 4436
83 6470 34 6693
99 5887 47 6645
19 3869 19 7720
14 7729 51 8292
2 9774 73 9828
64 2461 2 6061
82 5486 23 8768
77 2372 28 9286
37 2815 91 5603
72 8657 8 9141
64 3727 42 4638
27 9510 27 9694
50 3387 43 5400
92 480 100 2799
48 6143 87 8729
49 4903 78 7533
87 8890 54 9650
74 8071 26 9392
13 5607 4 9495
52 7878 91 8955
4 8000 49 8662
80 2441 90 4042
53 6205 41 6625
41 3268 72 4621
90 8396 1 8512
37 9035 12 9869
92 3895 61 7398
46 3924 9 4839
27 9640 100 9911
2 7523 68 8674
13 4488 80 6469
96 7515 64 8861
87 434 65 2803
15 8458 7 9600
34 2951 98 4536
22 9917 49 9925
33 4335 37 5802
10 8397 84 9829
40 5401 67 7128
85 9868 75 9970
91 3283 70 6434
90 7028 35 9427
97 6191 65 9515
81 413 92 4535
31 9030 19 9433
62 36 70 7842
39 2839 92 4157
65 8082 16 8791
4 7446 34 8368
91 4094 23 6421
44 6890 82 9713
39 6618 4 7089
23 1887 18 4132
73 5458 62 5567
95 1160 5 7904
63 5899 13 9610
23 8518 50 9935
44 6229 34 7119
49 8583 35 9989
23 5415 77 9466
27 679 69 3596
68 9293 71 9601
9 98 80 4127
52 3984 51 7143
84 4279 74 5981
66 1754 21 8566
5 7112 46 8532
19 5313 19 5710
83 87 45 8764
79 7753 44 8946
42 4138 16 7119
8 9919 13 9948
32 4188 87 8595
88 5404 2 7928
25 5940 8 7416
17 847 42 1527
32 1145 39 7681
36 3003 3 8853
94 3111 74 7369
1 8044 32 8777
19 3021 28 6799
83 901 85 4343
20 575 20 4251
75 7957 22 8447
28 926 57 5493
70 9649 1 9767
24 7223 34 9731
32 5161 20 8186
74 9433 32 9935
16 7509 32 8396
47 6478 46 9576
86 5456 32 6893
92 6752 1 9558
93 2044 69 6215
93 6377 22 9328
83 3027 15 8566
5 6314 36 7313
67 5436 60 6936
15 9255 34 9532
62 148 35 5193
15 4687 3 8921
1 7288 31 8058
3 6346 28 9884
76 1702 82 8235
62 118 51 7841
31 2324 44 5483
80 2086 14 4681
96 6591 18 6796
49 3324 37 3918
35 1519 49 2317
7 3656 75 9035
64 4823 98 9809
22 9882 28 9899
64 6341 86 7344
18 1778 99 3204
1 7513 70 8217
90 2198 93 3628
9 2544 83 5414
33 4195 61 8234
78 1327 50 4484
27 7682 22 9144
12 817 56 2754
36 2845 63 4437
49 9152 91 9743
64 9829 94 9991
2 1241 55 6489
67 4983 66 5308
24 5231 95 7827
38 8961 13 9950
74 5316 62 6551
86 223 7 8673
80 4128 81 5903
44 8598 76 9863
32 2364 91 2991
46 4999 88 8474
71 204 19 9326
78 6259 85 7011
48 5197 28 8056
99 7508 49 8218
54 1275 46 4288
49 2636 4 8980
19 1659 100 8682
40 4564 61 7223
54 182 77 7505
70 9107 35 9490
4 9480 83 9695
53 2481 21 6312
4 4410 83 9277
84 8502 34 9450
63 876 25 4055
88 3536 11 7814
81 8820 100 9175
21 5765 80 8318
99 3349 36 4218
26 5662 25 7015
53 8809 38 8825
3 3914 50 4293
61 34 54 8217
47 2153 20 8175
60 4446 23 6242
64 3929 53 7979
53 42 64 7069
46 3056 38 5178
43 6111 18 8971
52 4973 83 7100
31 9017 25 9052
88 5494 72 5757
94 2837 98 7788
56 634 19 8168
76 7829 81 7888
75 9007 23 9584
66 2509 76 5623
63 6269 41 8078
11 3568 68 5382
15 3569 98 7648
9 7776 60 9097
36 3985 11 7235
92 2958 67 8227
86 4237 58 5846
15 8403 91 8673
77 8603 65 9646
11 2817 87 3832
62 1057 49 3244
17 2412 79 2540
59 7059 61 7988
47 5543 23 6902
69 7726 92 9431
60 6029 1 6509
90 8348 62 8453
86 5902 42 7333
35 6759 37 8190
15 9164 57 9542
25 9816 28 9844
69 2931 23 6257
81 7331 28 8500
85 5499 34 9437
30 4427 37 7432
75 5972 15 7896
65 2572 5 5000
66 2709 12 6906
71 4738 79 6144
55 4193 58 4719
12 4241 12 4923
42 2228 47 5775
13 2584 58 7676
27 9315 63 9410
21 8059 4 8546
34 1983 26 7270
22 7643 98 8910
6 6073 10 6404
92 8088 65 9315
6 2728 8 6271
92 2037 69 2590
90 1975 73 6905
34 2956 44 7046
49 6389 100 7274
43 1600 100 5544
71 2234 55 6471
55 8558 51 9590
14 9534 48 9597
70 7160 48 8915
37 8021 34 8376
51 7040 65 7842
61 6507 77 7506
25 924 58 4579
17 906 52 1194
45 9656 95 9925
25 4846 42 8589
25 9713 60 9723
90 5358 84 9356
49 388 82 3128
30 4540 25 7279
28 9447 75 9611
25 414 98 8467
50 7485 49 9367
10 8289 30 8751
2 3485 88 5894
47 3866 70 6486
97 7497 10 7943
82 3172 54 4310
25 995 49 8978
14 4629 24 9849
59 3601 13 5980
61 7461 26 7680
4 8167 4 9471
61 5200 69 9710
64 1075 36 5859
41 2593 57 3884
85 6540 12 9532
2 6670 20 7921
94 3910 38 9662
63 9175 25 9691
91 4654 43 8537
75 9502 83 9768
31 5474 26 9429
59 9681 98 9826
65 8636 70 8921
60 378 23 5064
36 5945 67 9643
36 6927 6 9982
40 1817 58 4943
61 8952 64 9702
67 3056 57 7444
8 6821 79 9253
95 7132 78 7182
16 5293 42 7118
5 2045 42 5801
72 1541 83 6941
100 3302 59 9080
64 6118 25 8026
98 1012 53 4114
21 8492 65 9912
81 318 7 9908
48 6554 63 8473
32 3560 39 7420
14 1073 11 1643
50 7279 39 7808
12 7956 74 8162
3 2583 95 3414
65 4596 9 8344
74 3691 100 4224
76 1448 30 8449
19 7760 5 9399
32 2810 88 5835
25 5614 3 6046
59 5931 63 6331
64 9659 52 9816
12 799 75 4275
28 8304 9 8807
72 6829 40 7954
84 2229 34 5961
34 9692 16 9796
53 2305 15 8940
91 144 82 1346
72 1337 23 6825
26 3489 24 9081
4 8547 83 9857
41 2315 69 8634
74 2054 17 7578
49 256 86 7172
7 8345 57 9848
53 498 7 1949
95 4235 39 7465
92 9866 33 9965
18 7089 85 8861
66 3164 2 8363
54 4818 30 9617
1 1696 9 2252
78 1185 34 8350
55 2608 42 5933
44 4160 63 8375
90 3705 39 7419
97 6819 92 8588
85 4996 35 8103
49 9542 5 9948
28 3236 71 9327
20 1129 88 9639
65 3295 78 8255
22 3939 100 8008
46 8349 52 9023
78 3190 18 4755
95 2768 29 5603
70 9970 74 9986
37 5762 38 8090
66 4419 98 6189
26 6226 62 8030
76 6351 80 9593
70 6743 23 7830
98 5050 58 9157
57 1236 12 7674
49 9827 80 9845
4 8489 71 8876
88 7444 55 7790
66 4472 43 8118
78 5595 74 8638
56 1654 61 9749
80 218 55 5865
41 8418 23 9449
65 5175 66 8933
45 261 98 6276
71 1853 94 6618
48 5293 63 7646
30 7859 59 8165
60 1195 64 9130
67 6228 45 8392
61 3053 98 7900
59 2219 50 5841
25 9464 5 9518
18 1773 5 4858
46 4152 11 5526
73 9005 36 9363
36 6644 35 7302
41 3605 97 6475
37 6750 13 7996
77 567 100 6120
80 9232 49 9788
71 8131 28 9056
67 5662 77 7863
20 3769 83 8514
34 9006 4 9568
96 9158 37 9432
32 7345 18 8289
33 5948 45 7686
72 8518 62 9572
47 5752 47 9802
66 6671 22 8056
63 7622 98 8868
81 4303 90 4673
5 905 68 6500
85 2001 83 4915
73 5301 90 8997
6 1518 20 9070
68 3023 43 5567
54 144 26 5211
96 3336 84 8548
9 4968 76 6472
10 1847 98 4495
53 6704 36 9756
92 626 6 5303
10 5486 97 6887
74 9582 90 9817
62 6629 51 9512
68 1269 33 6424
42 2721 78 2961
32 8368 67 9053
5 1165 42 9581
91 6073 78 9756
6 6337 54 6377
91 6463 10 9219
80 8857 30 9284
63 4749 40 9471
64 4897 22 7338
39 2150 69 4950
46 9840 3 9880
67 1645 25 9647
7 1594 92 8528
27 9735 71 9749
2 1853 89 7539
11 3311 14 5214
78 3922 13 6970
69 9465 75 9605
96 614 90 4501
4 9386 35 9629
70 6244 66 6532
29 3863 21 7491
35 2364 57 8532
80 7637 54 9928
79 9926 48 9939
47 1985 12 2774
80 4420 15 4977
59 502 82 1655
50 721 45 5369
53 9783 76 9971
13 5355 33 5611
22 8029 92 9697
8 6945 96 9195
69 925 11 8379
6 1980 17 5404
11 6037 81 8966
65 9961 27 9998
64 3470 49 9096
85 3897 99 6189
32 1019 21 8043
83 1598 12 3000
43 3672 75 6194
59 1530 24 8914
61 7748 83 8982
25 898 100 3224
42 8454 89 9844
29 3532 82 7350
27 1003 99 4905
31 9786 98 9971
98 697 22 5068
100 2801 75 8859
74 6334 22 6360
67 9002 83 9618
89 8115 66 8122
23 8594 55 9840
81 9594 96 9812
40 112 45 3819
42 2481 8 8408
6 1043 1 3968
4 20 50 4918
83 2894 15 5317
33 3221 74 9148
64 3713 46 7862
26 5925 47 7736
31 7511 68 9127
64 8365 44 9536
11 9956 72 9991
10 2517 16 3623
100 8697 45 9310
34 7433 48 9683
12 4395 57 4851
88 8151 31 9229
89 1319 33 5148
56 236 97 4930
56 7612 33 8580
21 3377 1 4452
89 499 23 1103
68 8972 89 9714
44 7042 1 7983
57 9058 66 9591
66 7803 3 8495
24 8483 99 9821
12 4984 7 7894
49 9076 56 9663
31 6900 98 7927
82 3032 36 5830
6 2217 83 6257
14 8940 16 9775
81 6294 78 8384
70 700 44 1730
61 9133 1 9273
49 8222 83 9594
32 1961 96 4251
43 9401 72 9991
62 3957 13 9605
50 5121 82 8481
70 7504 27 9474
75 8888 7 9387
97 5615 70 7840
21 8228 55 9611
2 6701 26 9086
42 3725 11 7008
57 1483 64 4960
27 9199 95 9265
16 7187 12 8670
41 3989 45 7856
25 7643 19 9726
35 7847 74 7989
82 5411 8 9153
79 2437 40 6903
3 186 9 8134
27 649 88 2516
63 7687 13 8519
33 9478 5 9990
52 1147 22 4068
40 2314 58 2526
46 6295 90 8237
20 7334 96 8169
88 4285 61 7581
34 1760 35 6910
54 3073 63 4046
38 7219 49 7707
91 1602 43 8660
34 232 66 7769
28 6971 82 9499
39 4020 51 6870
32 1237 63 5004
61 8091 1 9216
2 923 25 4569
52 7807 71 9761
43 4950 93 6550
17 3295 31 4582
5 9675 41 9892
97 832 79 3927
5 3078 51 9279
38 599 78 5019
24 9467 94 9574
4 58 65 3037
55 1537 36 4679
2 8680 88 8768
34 6841 3 9999
77 798 1 3376
90 4425 11 4954
57 9597 40 9773
84 1248 97 2135
6 1709 85 7882
89 4439 67 8183
11 4971 62 5852
5 2745 57 7064
3 455 75 9316
27 2292 52 3736
62 3529 81 4712
34 7187 66 9224
40 6318 94 7116
22 4825 1 7873
91 2770 36 5551
68 2604 77 3842
8 5354 24 9626
20 1155 89 8658
21 177 28 5088
63 179 36 8592
45 2569 10 2793
97 6295 28 6323
26 9771 3 9849
86 2132 68 4008
34 485 11 717
82 7712 77 8529
26 6505 90 7804
61 2728 10 6551
24 8933 59 9677
39 4094 9 4449
47 9590 57 9675
8 7523 78 8860
88 4043 43 9984
4 3793 81 8615
62 1434 35 7200
69 4105 8 9742
32 9329 46 9755
14 8432 79 9509
1 7021 41 8734
49 9854 58 9978
72 3910 89 7617
16 3851 66 7680
33 9771 69 9812
74 7756 16 8801
21 9251 42 9619
24 7958 32 8718
56 4426 67 7836
7 9029 11 9147
66 2857 71 3677
3 930 89 6654
85 9782 35 9790
4 7517 71 8457
1 171 26 9366
6 7815 68 8393
6 6887 18 7219
5 8173 51 9845
91 6759 65 9896
78 176 52 1388
23 4578 22 7034
4 7185 45 8433
18 1952 32 9218
66 6395 54 9253
54 4729 19 5049
19 5661 48 9614
54 2367 38 5086
38 6366 72 8272
27 7153 15 7579
30 7195 70 8527
99 8461 12 8491
19 9927 67 9936
97 8526 38 9188
5 2930 4 6982
41 5948 10 9714
18 2760 14 2937
14 3870 94 5473
30 2418 16 9033
88 2541 24 4600
38 9454 47 9664
34 2769 45 9669
48 8867 86 9431
40 9886 39 9995
37 6487 2 8446
74 4769 39 8969
18 6099 86 6135
89 4642 8 6122
45 8039 33 9696
73 3035 71 8738
72 9871 77 9917
57 5247 99 6736
41 3221 94 6204
76 7897 19 9535
31 3022 60 5351
80 4167 6 8154
3 5525 17 9016
30 6216 94 6411
100 4277 89 8634
1 9843 54 9998
55 2715 3 9839
12 9930 2 9936
66 8396 89 9720
69 2270 76 4505
24 4976 17 5860
6 6261 100 6694
41 3770 19 6981
66 6170 15 8171
91 3703 78 9519
4 2214 96 2965
63 7195 63 7275
75 8522 14 8631
49 3814 95 4575
27 4357 80 6763
67 6296 77 7610
82 789 75 8476
38 7338 64 7781
36 9224 55 9402
59 8669 33 9700
27 1887 40 7608
96 6941 97 6964
91 795 81 3658
52 7501 53 8628
36 3329 20 5655
34 9787 14 9882
24 7270 17 8275
89 7592 87 9144
92 5899 29 8685
82 4377 92 9290
66 5043 84 7209
49 2887 74 4683
44 2083 75 3151
22 2979 88 7557
97 8662 84 9815
50 9268 86 9495
99 5073 11 5154
52 145 33 3515
20 4129 68 9675
67 4211 24 9339
25 2428 91 6558
4 2532 65 7799
71 7167 61 7443
73 5328 79 6992
46 9595 65 9816
89 4663 99 5210
39 3717 49 5046
54 1532 65 7764
31 5102 50 5428
47 5758 65 6279
3 3782 93 7559
42 2254 71 3313
9 1891 61 9876
10 8183 88 9105
87 7127 66 8995
6 4312 53 9580
96 9138 38 9884
96 5920 50 7424
14 550 6 5522
38 8667 38 9786
30 5987 76 6280
23 9690 61 9876
29 1859 8 8959
36 1394 35 7255
98 5970 90 7027
70 6225 26 9358
38 2315 84 9346
52 6984 2 8988
34 4126 75 4796
72 6077 33 6182
90 4684 81 9708
66 1642 87 2266
14 1134 50 9598
94 2524 82 4695
93 474 44 9915
55 5033 3 5270
26 4864 50 8769
10 8861 52 9965
28 2140 44 5433
68 501 17 5393
37 5845 68 7604
98 7480 62 8363
89 9388 32 9871
26 1496 97 6334
79 1834 55 3632
21 9807 17 9962
59 1930 73 6559
97 4891 9 8809
5 924 85 6973
11 5872 25 8158
61 6774 61 9285
25 1272 82 4798
21 3887 63 5555
18 7702 90 9564
46 6775 10 6789
7 3905 80 5731
89 3236 81 5257
90 5715 100 5905
23 4314 86 9757
98 1360 10 5221
13 8302 40 9177
6 6467 62 6787
82 4712 34 5352
75 8771 40 9823
54 8945 33 9649
9 5685 93 7503
72 7190 43 9570
75 1929 5 6723
33 8538 52 9212
10 6400 17 6624
94 4410 14 6242
61 3793 17 9262
94 9307 85 9594
18 5518 9 9039
3 6876 15 8920
21 7512 94 8123
63 8062 1 9115
18 2702 73 9182
6 1178 69 6417
27 2166 28 6696
22 6927 97 7066
92 5987 23 6001
11 6935 26 8695
49 3498 95 8556
14 7846 24 8624
86 7655 4 9971
69 7981 36 9200
61 1909 51 8180
99 9473 94 9824
57 6583 87 7392
19 1923 36 4216
55 162 91 990
88 4438 39 9670
33 8703 84 9984
87 8844 86 9441
3 4479 7 7982
63 8812 32 9734
57 261 68 2095
47 5182 13 8955
98 5709 27 8595
57 4467 71 5987
100 4491 78 8099
60 5398 39 8478
31 4008 65 6560
28 6894 68 9688
62 3726 16 3875
80 8267 63 8810
2 4663 92 8827
34 7454 96 8288
94 1429 34 3035
69 3838 62 9220
91 3214 70 4744
11 1826 24 2839
4 8500 42 9961
35 1147 25 1851
38 6954 29 9209
13 9514 21 9615
95 1186 2 4391
51 8522 96 8784
53 9397 10 9542
8 5308 21 7157
84 9545 60 9547
60 4224 69 4338
44 4205 93 6480
89 4010 21 4256
43 7417 34 7699
42 1556 89 8286
50 1893 76 3866
95 5533 85 6260
73 6116 16 7064
20 754 67 3219
73 5604 89 9809
97 9700 35 9743
84 2900 16 9882
33 7012 15 9482
10 8678 2 9948
89 699 63 8832
30 9077 90 9789
82 9320 37 9663
25 1495 25 6933
31 1960 62 4576
73 9116 11 9561
25 2493 49 9010
91 8846 42 8887
50 5602 48 8558
54 9243 47 9264
81 7068 38 9394
96 9006 93 9746
24 4456 57 5818
20 1394 12 7982
25 9405 39 9623
87 9901 29 9976
4 5503 23 5916
71 8470 71 9788
19 911 5 4285
32 638 83 7121
71 34 67 4421
73 7808 60 8053
7 6121 23 6201
23 1686 91 7052
21 2794 2 5988
49 9457 16 9461
18 5344 100 8077
71 4855 3 9970
5 489 17 2283
82 6417 57 7824
29 7067 54 9203
4 2748 25 6970
29 9144 69 9567
45 5895 10 6538
92 3350 15 4384
27 5789 90 6022
49 560 45 1520
71 6227 4 8264
95 8010 23 9874
95 7706 68 9697
92 6075 5 8412
64 2033 38 8377
92 9696 68 9979
15 5126 67 8081
95 8055 8 9601
94 7501 41 9692
44 3828 72 9417
49 5609 90 7201
97 1732 25 4361
64 1440 86 4861
17 5708 18 8171
36 9849 9 9925
88 6026 42 7359
97 6543 20 7100
11 588 13 5104
38 8488 97 9869
82 4261 51 9025
2 3555 50 7428
34 4118 42 7739
73 9117 43 9577
13 4093 72 8926
54 7993 13 9507
58 5867 45 9417
81 1645 17 3365
97 9380 72 9487
73 9047 35 9457
58 8320 79 8905
61 9497 40 9826
86 1939 63 8364
30 8423 89 9415
36 1280 29 6089
97 5510 95 8478
6 8554 93 8606
4 8952 87 9359
88 7564 72 9462
41 5967 49 9606
80 3767 87 8128
9 3197 92 8160
52 6522 13 7918
30 8239 72 8782
3 5853 97 6809
12 7235 75 9071
4 2461 90 2942
99 6702 65 7716
99 3176 83 5987
72 5995 1 9726
52 8243 75 9084
48 5197 93 9694
92 3537 97 8944
77 134 79 8143
73 6550 30 9184
57 7359 20 9262
49 8581 56 9419
42 8173 20 9853
78 8542 28 8582
73 3527 60 9174
45 3025 58 6139
16 767 82 7707
30 829 28 912
63 8084 40 8993
41 7919 24 8073
22 8622 63 9793
49 2701 44 5685
50 845 93 5661
95 9619 21 9778
39 2988 58 9912
38 3514 76 8550
100 4736 30 7958
21 7538 24 8573
39 9131 36 9821
32 6972 83 9731
78 8590 19 9187
69 4658 68 5643
86 9355 34 9513
15 3864 60 9382
44 5226 64 9298
1 7592 7 9256
67 473 68 2485
70 5207 82 7181
81 8721 69 9979
76 1563 21 2075
87 5553 84 6199
76 2201 61 6159
77 3034 59 5641
13 4804 62 9207
25 8880 58 9155
29 459 92 7053
4 3472 4 9406
45 5469 2 9051
81 4684 91 5410
46 5033 53 7622
36 9835 5 9968
55 8790 97 9947
84 3769 87 6290
29 8453 69 9458
56 7930 94 9844
41 872 80 3572
43 2034 50 8323
55 8097 29 9968
76 5349 55 9000
83 4886 44 6344
9 7158 79 7862
27 5891 47 8255
11 5583 54 6234
50 9311 24 9326
42 3700 61 9335
72 8185 33 8350
37 2652 98 7033
10 1728 93 7040
3 5382 33 9492
50 7801 98 9072
52 2529 67 7109
74 1566 57 5876
81 5586 92 7493
93 4892 98 6275
5 3970 30 4208
8 3938 20 8322
28 7703 79 9308
13 2544 90 9317
82 2595 52 5221
71 8417 5 8992
18 2400 59 5399
89 8762 67 9959
34 6548 26 8683
28 2823 32 7061
28 7155 67 9700
53 2314 97 4594
5 5795 37 8185
3 8667 23 9841
59 3624 88 6595
79 9418 35 9658
67 8786 76 8906
28 960 85 8267
91 452 9 8511
83 415 14 4542
50 8832 8 9565
84 6671 52 7073
19 2172 24 5885
57 868 36 5480
44 5890 69 8480
5 6267 29 6421
39 7361 86 8650
73 336 10 5061
24 7541 44 8141
58 6725 95 7388
99 9054 1 9385
33 3673 72 6407
52 6430 61 8974
92 4914 75 9012
56 8683 54 9815
19 6112 20 9997
29 8035 47 8724
45 4364 36 4366
55 3495 63 9639
20 5563 13 7354
78 7559 49 9480
29 7253 38 9959
83 7197 94 7787
88 2307 95 8508
94 2750 58 5616
36 622 99 2153
77 7054 17 9475
41 2595 57 9912
63 262 92 5718
65 7148 13 9206
66 6528 63 9271
54 9620 35 9737
37 8089 65 9924
16 6472 86 7238
72 3702 90 7322
84 7717 93 8006
94 1241 16 9773
30 2750 70 6082
100 6749 39 7492
65 7477 89 8294
24 774 72 9207
27 6646 83 6956
25 5134 24 7176
81 371 92 3117
12 3420 96 8697
4 2713 53 8852
81 944 64 2116
80 9535 1 9933
71 747 69 7671
90 8685 28 8904
30 2814 35 6444
11 5003 10 8104
27 1159 72 8032
88 1884 8 8373
35 1984 3 5710
41 3231 56 8364
55 9225 93 9868
84 5968 79 9382
31 8521 25 9908
63 4808 77 8963
34 4728 56 9652
7 3041 52 3796
46 1459 11 8304
31 9056 73 9264
6 1405 74 9678
61 4818 22 8438
16 8124 83 8708
65 4541 7 5994
31 7753 90 9275
69 7436 22 9310
64 1594 36 9035
93 7158 12 9333
88 6914 12 9499
37 4882 3 5482
10 6694 54 6770
8 4488 94 9247
63 6803 44 8326
80 9087 14 9239
55 6942 14 9574
67 8979 20 9140
48 5251 95 9020
30 7069 70 7643
43 9389 47 9462
1 3749 74 5207
91 5347 25 7045
30 289 97 6782
82 649 27 6515
74 1317 74 3681
23 401 11 2265
51 7765 12 9549
98 2478 30 9716
19 8632 66 9052
55 2119 51 6167
23 431 49 7802
59 6341 25 8508
18 938 65 4293
21 3353 26 3618
51 4640 22 8072
31 9320 45 9641
98 5579 2 8378
72 1953 99 6426
40 7785 91 9684
72 8132 59 9642
58 5064 30 6144
52 9742 13 9993
2 2916 52 8363
25 9927 31 9979
97 929 49 1635
71 6694 36 7928
35 1750 2 6587
70 751 72 5537
75 9565 74 9681
35 3403 70 6857
18 8340 81 9420
44 7143 93 7927
30 2449 58 6423
45 3760 21 9594
39 6839 44 9181
11 1470 69 6627
16 1540 59 5665
83 1751 14 8241
35 6651 33 8274
59 1510 95 7471
27 807 25 7139
46 4858 74 8014
3 3069 84 3897
12 4231 12 4867
92 3165 15 5695
89 3550 22 3903
36 2170 96 6784
74 5719 92 7796
29 7254 93 8796
55 2322 65 4385
59 7108 48 7489
71 6438 12 8441
49 8992 84 9385
14 4470 11 9150
59 7276 72 7462
92 8476 29 9587
18 7540 8 8557
78 7274 3 9934
55 1031 45 7975
82 911 55 1476
38 4914 35 6464
2 3330 47 9968
43 6040 42 9966
51 1271 35 1376
97 7182 48 9013
53 1869 27 8373
81 1981 40 8632
50 2326 68 8595
2 7371 10 9532
17 9463 21 9603
33 6920 85 7680
18 1917 68 8269
69 2381 41 7622
97 5184 39 7617
52 9837 98 9877
6 3626 57 9030
4 4405 90 5918
4 9757 94 9910
31 6778 90 9914
19 6743 50 7114
99 4166 9 9163
59 9842 84 9965
70 1396 34 5271
37 245 75 5424
8 9909 95 9998
56 2244 60 4833
93 4703 22 9950
94 1944 97 7855
27 1169 28 4873
1 3748 25 3937
48 8469 51 8767
52 4261 75 6149
9 6165 20 7197
38 6498 46 9861
32 4276 47 8553
11 997 81 7238
65 9144 8 9388
100 4867 84 7213
23 9720 93 9970
69 8656 99 9367
73 7088 19 8553
87 3628 51 7026
3 7617 42 7994
98 7845 9 9445
60 4150 96 8314
64 1462 57 6436
19 5539 35 9063
47 3627 43 3849
1 6210 6 8081
92 7741 66 9687
81 8820 3 9347
42 96 99 2389
33 2892 45 3086
7 6691 42 8228
85 9540 83 9816
34 4982 23 9085
46 7809 44 8989
6 6592 16 8088
69 6683 78 9078
13 9442 61 9987
83 6629 54 8470
3 9803 69 9931
5 2365 94 7458
83 6482 50 9034
50 8945 91 9025
2 752 15 8379
65 7994 98 8151
60 6291 94 6726
74 5880 70 9007
95 1313 77 3369
43 4634 23 8222
73 9455 8 9722
89 689 26 7579
8 5755 88 6896
11 9591 68 9600
21 1541 18 8048
1 1774 68 4363
31 6220 91 6893
54 787 89 8849
86 4258 48 6146
38 7479 48 8636
93 5486 74 8900
85 5944 45 7127
22 4623 80 5731
41 844 55 4356
100 4051 75 9586
4 7042 4 9007
17 7855 30 8934
94 7542 8 9481
71 8669 46 9432
97 5670 75 9327
63 3626 43 9083
7 753 62 2637
8 6335 26 8522
34 6887 45 8638
70 755 4 1905
3 7947 70 9404
78 2624 31 5220
32 4310 26 6262
6 7200 63 9977
94 2439 92 6177
79 9903 10 9940
81 9157 33 9430
84 3421 82 7244
33 9174 54 9773
7 2343 17 5049
90 6296 50 6323
35 8414 54 8454
85 8433 78 8463
81 9178 45 9836
85 1897 11 7892
87 9450 48 9622
82 7760 7 7979
83 6872 73 7515
24 1946 2 3554
11 881 38 5566
71 4000 30 7688
59 7202 32 9601
39 7499 37 7818
21 2634 51 6494
40 3425 23 6290
47 6707 67 9515
100 4414 57 6812
41 878 73 5161
51 2904 88 9253
81 7047 9 7072
33 1367 25 5615
98 827 77 6656
73 3149 87 4518
100 9071 61 9571
17 7163 89 8169
81 492 11 3496
72 45 37 2464
9 6448 60 7785
23 2854 100 3754
24 8524 16 9371
100 6813 33 9701
98 6377 40 8572
90 5962 35 6004
14 1319 42 8943
97 5995 70 8857
94 3467 82 5270
72 1819 20 9257
87 1179 49 6601
22 4490 31 5830
83 1714 46 5548
24 6526 98 9013
53 2531 22 6827
83 1983 24 7121
30 8979 21 9002
82 5280 66 5545
19 3720 32 7431
24 666 37 3635
81 5064 30 7589
41 4297 29 5053
85 3284 11 5095
24 164 79 4971
18 590 24 2062
6 6776 92 7995
96 5528 18 6144
51 4458 24 9940
49 9047 55 9288
86 4245 15 7892
82 1451 42 6949
30 3225 76 5773
2 5614 80 8681
90 7073 29 7541
41 1629 10 2517
2 636 64 7385
18 6862 64 9143
58 1904 65 8375
11 1806 98 6008
67 5087 98 6546
37 9263 57 9929
52 1340 89 7326
79 2449 1 7419
20 3569 100 9095
71 9738 91 9957
57 4203 40 4712
47 3020 81 3993
33 2472 32 4650
20 8823 24 9249
66 548 38 5507
40 6928 92 8352
90 9030 65 9813
57 8386 90 9657
76 4662 84 5542
95 1977 33 6418
31 1626 38 3015
16 1097 70 9637
62 1841 47 3576
59 2643 96 7635
84 1503 78 3114
42 118 32 4249
36 6098 2 7280
78 3280 18 7223
78 2093 50 4926
24 9633 3 9946
60 9753 96 9915
71 1867 10 4731
43 8439 77 9836
57 4406 84 6048
75 7016 90 8172
46 8503 42 9647
61 4578 56 5273
35 8029 24 9886
29 9948 2 9963
68 7134 39 9335
3 9991 47 9999
11 5078 1 7406
74 1585 93 8716
29 5057 83 6013
38 7002 98 7622
34 4972 65 8193
41 9131 25 9381
30 3108 80 6620
74 3326 76 7097
25 5644 32 6749
49 4019 50 6393
66 353 24 727
4 1128 34 2217
21 7093 51 8751
10 3327 5 8080
83 1938 23 5399
56 5248 100 6833
15 9986 31 9992
23 1607 86 9665
55 4797 80 5926
25 3276 78 6448
58 4000 71 9622
68 9351 60 9649
33 954 71 6674
69 1133 79 8717
20 6012 88 8507
71 3063 82 8452
97 2754 45 7891
43 6673 16 8842
29 5381 91 9712
64 1047 58 2176
42 3644 28 4767
40 1342 24 2716
32 3232 19 6979
64 5916 63 7753
59 8217 60 8718
57 3843 5 8314
55 1773 47 5652
40 7409 92 9172
18 6147 43 8510
75 150 61 3777
91 2984 34 9045
8 3292 2 6475
86 6906 12 7025
34 4769 78 7294
65 9740 63 9965
47 8083 63 8953
87 9193 54 9425
23 6920 69 9770
13 38 12 564
33 1918 70 7811
15 1708 93 7574
51 4698 14 8452
58 3435 25 4761
50 5854 46 8466
79 4695 83 7158
73 9295 64 9497
69 1392 71 8446
38 9621 57 9640
71 4234 4 9621
89 7047 99 9959
73 1802 62 6945
5 177 63 5035
1 6957 50 8650
43 7761 37 8854
76 8394 29 9077
42 3 47 1688
85 4568 91 7136
25 3039 83 7970
60 7904 41 8571
96 2285 60 9781
67 8988 33 9559
21 1567 79 9628
22 3550 47 4616
20 3523 1 6180
44 6159 71 8788
100 3750 48 4406
24 5337 87 7964
22 8627 59 8679
41 6709 62 7737
98 6825 47 9773
100 1115 18 6671
82 1750 57 4944
66 9197 60 9995
43 5398 50 7890
94 2164 88 7026
89 7088 12 8277
94 9930 87 9956
19 8585 96 8625
37 4782 62 9196
73 1991 14 4752
60 1837 23 5310
33 6643 82 8218
67 3893 78 7352
46 8440 25 9860
89 8708 86 9153
24 9144 66 9265
39 8480 63 9803
97 919 93 7663
86 7994 67 9735
30 8711 24 8882
61 5348 66 8707
80 9575 59 9865
50 2622 81 4233
27 8560 21 9932
52 1206 67 9576
3 9283 14 9351
22 2423 76 5794
70 6134 43 8722
87 2195 96 4229
76 195 58 2877
27 8740 3 9918
14 6257 65 6373
7 4500 43 9621
80 807 12 5400
79 627 15 4643
20 7381 34 8004
97 5285 90 9149
11 7884 57 8536
32 5203 86 5637
10 8985 89 9696
47 3738 42 6679
13 700 50 8783
74 2746 51 5716
28 5790 19 8430
49 8456 46 8791
82 3950 83 6968
67 7397 67 9881
7 2551 46 5738
9 9394 36 9817
17 3536 48 5222
84 5097 89 5347
77 7710 19 8707
5 9206 69 9607
61 1948 32 5753
7 5001 53 9561
40 2484 74 4759
10 6761 5 7069
32 102 23 6467
25 9020 57 9090
15 1864 79 3060
19 9563 53 9924
47 5120 11 6763
33 5039 90 8729
54 6991 75 7748
27 5379 51 5792
99 6080 17 6257
21 9276 92 9426
20 1768 93 8125
71 7698 49 8419
75 7927 54 9741
77 869 41 9161
14 6974 72 8057
33 1039 89 3089
50 4840 3 7979
62 7794 22 7957
68 7891 10 9971
27 5119 19 9215
100 8192 38 9356
94 7096 97 7566
56 8279 16 8907
67 3995 79 7232
78 1516 89 5186
76 3069 11 5844
29 3937 17 6402
9 9056 14 9520
16 5702 76 9866
76 9442 23 9459
88 5719 86 8929
30 7977 72 9925
89 8353 18 9477
37 9415 43 9705
23 5271 43 5552
52 5985 98 9814
72 846 86 1793
76 3892 39 8386
86 6506 3 9742
80 5687 95 6674
40 3953 38 9855
44 5039 98 8252
53 2090 40 9623
53 4076 37 4105
18 8581 18 9596
41 4086 86 5865
64 852 46 2571
79 7922 96 9569
36 1813 50 2030
8 2372 61 9560
64 2384 75 3315
63 6931 51 7331
46 3760 47 6366
73 9890 14 9911
74 3635 49 6476
81 9878 95 9895
75 9056 74 9684
88 8989 62 9009
90 126 51 7036
75 2857 46 9848
25 7328 63 9436
6 4056 91 5897
98 2538 99 4568
85 3912 23 5347
20 9223 15 9501
9 2897 12 4011
59 3620 13 7084
11 3612 85 5013
32 4810 43 6719
66 4152 41 9296
37 30 61 3954
78 2978 22 9287
3 129 29 9904
84 4064 95 6217
31 7708 98 8378
6 3384 14 4661
10 9922 93 9976
20 5702 44 9140
47 3728 34 4434
39 5037 7 8230
83 8625 18 8759
55 8272 44 8384
79 4271 64 7546
96 2792 9 9664
1 1671 38 8008
3 9351 8 9590
9 4575 65 7680
12 218 60 4686
29 7343 100 8661
35 3902 70 9727
50 8987 74 9559
11 6470 6 7215
57 2864 3 4520
82 3820 19 4473
76 4208 68 4254
48 11 46 5164
90 1782 49 2073
22 7534 92 8071
39 908 99 3521
10 3930 8 4560
23 396 47 1495
48 9100 22 9193
50 7829 45 9417
23 3412 36 6181
50 3852 62 4591
2 417 100 7792